#calib_time: Tue Sep 26 03:49:11 2017
#description: use R/T/S to transform campoint c into laser coordinates l=R*S*c+T
R: -1.855274592791e-02 1.010910142346e-01 9.947041783664e-01 -9.998265160730e-01 -3.520939366522e-03 -1.829045498024e-02 1.653292454889e-03 -9.948709513434e-01 1.011387996620e-01
T: 2.149434590220e-02 4.908860672170e-02 -9.903645283305e-02
S: 1.000000000000e+00
