cam_to_velo: -1.855274592791e-02, 1.010910142346e-01, 9.947041783664e-01, 2.149434590220e-02,-9.998265160730e-01, -3.520939366522e-03, -1.829045498024e-02, 4.908860672170e-02,1.653292454889e-03, -9.948709513434e-01, 1.011387996620e-01, -9.903645283305e-02,0,0,0,1
K:3.507833068601e+02,0.000000000000e+00,3.454384750906e+02,0.000000000000e+00,3.508783430712e+02,1.668714311752e+02,0.000000000000e+00,0.000000000000e+00,1.000000000000e+00,
D: -1.614113747794e-01,8.393165174057e-03,-2.133761522356e-03,-2.049382339958e-04,7.005406246477e-03,
